    unsorted:	 0.3906250000 0.3906250000 0.3906250000 0.3906250000 0.3906250000 0.3906250000 0.3906250000 0.3906250000 0.3906250000 0.3906250000 4.865178132 4.969765953 4.992787070 4.354902494 4.450386391 4.176712080 3.377613750 3.802428936 5.714591133 3.104669288 6.501496046 6.713965219 6.989194748 7.492966717 7.716059998 8.091613363 8.435951498 2.748731527 2.313819750 2.248037134 1.779864502 1.589487540 1.317187079 8.728922981 0.9719166379 9.811119810 10.19725240 11.36812208 11.98762221 13.53853960 13.11410365 13.90206791 14.71746663 15.64344874 16.07772290 16.75213584 17.06800334 17.50964876 20.19534594 20.29427941 20.57914030 23.07391600 23.86177518 27.56691792 28.68445949 34.44083516 38.91451199 46.97370366 50.57860337 62.99579417 70.33464844 78.57436991 110.0799649 117.7716269 126.6859488 147.3239498 181.4616285 233.0451769 266.6960352 369.3791713 754.3922241 1178.538814 1342.839615 1511.203279 1754.313274 2157.277407 2397.759826 2869.956098 3351.129134 4815.702681 6654.731238 8349.110400 9724.373558 11144.61033 12966.61782 13436.25717 15136.87007 16064.15025 16494.38968 16762.87449 17748.63191 19132.91136 19337.57352 20259.99601 20894.33789 23694.06660 23185.68253 24120.13329 25983.40917 26709.98937 29051.56195 30064.82441 34246.09494 57375.81332 54667.13878 62056.32795 70808.07329 70481.63357 67700.99469 73720.71890 80713.15493 80259.74015 81577.97803 78931.36621 82560.54387 84198.38199 84436.84054 89087.24283 91140.71326 97934.89261 102623.8495 103681.6362 106494.2174 114867.2697 146238.8404 161005.1630
      sorted:	 0.3906250000 0.3906250000 0.3906250000 0.3906250000 0.3906250000 0.3906250000 0.3906250000 0.3906250000 0.3906250000 0.3906250000 0.9719166379 1.317187079 1.589487540 1.779864502 2.248037134 2.313819750 2.748731527 3.104669288 3.377613750 3.802428936 4.176712080 4.354902494 4.450386391 4.865178132 4.969765953 4.992787070 5.714591133 6.501496046 6.713965219 6.989194748 7.492966717 7.716059998 8.091613363 8.435951498 8.728922981 9.811119810 10.19725240 11.36812208 11.98762221 13.11410365 13.53853960 13.90206791 14.71746663 15.64344874 16.07772290 16.75213584 17.06800334 17.50964876 20.19534594 20.29427941 20.57914030 23.07391600 23.86177518 27.56691792 28.68445949 34.44083516 38.91451199 46.97370366 50.57860337 62.99579417 70.33464844 78.57436991 110.0799649 117.7716269 126.6859488 147.3239498 181.4616285 233.0451769 266.6960352 369.3791713 754.3922241 1178.538814 1342.839615 1511.203279 1754.313274 2157.277407 2397.759826 2869.956098 3351.129134 4815.702681 6654.731238 8349.110400 9724.373558 11144.61033 12966.61782 13436.25717 15136.87007 16064.15025 16494.38968 16762.87449 17748.63191 19132.91136 19337.57352 20259.99601 20894.33789 23185.68253 23694.06660 24120.13329 25983.40917 26709.98937 29051.56195 30064.82441 34246.09494 54667.13878 57375.81332 62056.32795 67700.99469 70481.63357 70808.07329 73720.71890 78931.36621 80259.74015 80713.15493 81577.97803 82560.54387 84198.38199 84436.84054 89087.24283 91140.71326 97934.89261 102623.8495 103681.6362 106494.2174 114867.2697 146238.8404 161005.1630
