    unsorted:	 100.0000001 100.0000003 99.99999990 99.99999983 100.0000025 678510.1641 684237.9712 685626.8532 694661.5594 673919.5634 669890.7552 697149.7325 666421.0819 709875.0834 709757.0035 711087.8129 712905.8975 718863.7269 720571.0899 645382.7135 628982.3212 619177.4749 594774.1914 584933.4802 557511.4888 764755.2578 775322.6619 529013.8289 489483.5722 454779.4278 425147.0726 390454.9603 360753.6113 322869.0263 294039.9382 278860.7697 263736.6832 232443.5607 209964.6494 196339.7822 180024.1596 159956.9779 587.1176305 688.8107447 254.5275102 1791.272226 3540.008598 124827.6927 70110.94277 34921.46860 124387036.9 92460939.75 92027627.78 102464297.5 110141219.9 114728487.6 86912133.80 138917380.1 136550272.9 151330344.1 211438132.1 202968044.3 195180914.8 217443968.9 229155834.6 252820936.4 278896976.0 294895885.0 339912693.9 393499828.8 412513627.1 488601264.1 606804800.6 664715736.9 779708317.4 872764752.0 1041244493. 1237805329. 1436322207. 4020859292.
      sorted:	 99.99999983 99.99999990 100.0000001 100.0000003 100.0000025 254.5275102 587.1176305 688.8107447 1791.272226 3540.008598 34921.46860 70110.94277 124827.6927 159956.9779 180024.1596 196339.7822 209964.6494 232443.5607 263736.6832 278860.7697 294039.9382 322869.0263 360753.6113 390454.9603 425147.0726 454779.4278 489483.5722 529013.8289 557511.4888 584933.4802 594774.1914 619177.4749 628982.3212 645382.7135 666421.0819 669890.7552 673919.5634 678510.1641 684237.9712 685626.8532 694661.5594 697149.7325 709757.0035 709875.0834 711087.8129 712905.8975 718863.7269 720571.0899 764755.2578 775322.6619 86912133.80 92027627.78 92460939.75 102464297.5 110141219.9 114728487.6 124387036.9 136550272.9 138917380.1 151330344.1 195180914.8 202968044.3 211438132.1 217443968.9 229155834.6 252820936.4 278896976.0 294895885.0 339912693.9 393499828.8 412513627.1 488601264.1 606804800.6 664715736.9 779708317.4 872764752.0 1041244493. 1237805329. 1436322207. 4020859292.
