    unsorted:	 100.0000000 100.0000000 100.0000000 100.0000000 99.99999999 656429.7682 664431.5941 667912.2021 669967.2836 644577.3230 681800.7952 696661.8255 693334.7626 703332.1234 705507.0669 628917.9485 621202.7176 602724.7061 591748.2690 582148.7162 575332.4059 736769.6115 755868.3835 762092.1779 537847.9705 786078.0853 513968.3826 479246.5614 814415.9203 445922.1772 421419.2076 382307.1567 355164.8648 321583.4819 292983.4615 261380.8266 253847.0681 233662.1162 211311.1008 197916.0898 182160.5411 163122.9671 102.8765894 693.7037202 670.1900653 521.2995486 317.2782346 1781.659842 4794.080493 129578.8325 36480.06769 75567.26086 1006868.680 1090610.162 1143900.501 1189536.117 1202371.803 1290087.432 1297662.313 1422762.878 1510909.924 1701475.186 2077322.882 2143394.893 2202500.560 2251816.053 2379119.407 2627996.972 2985141.652 3088840.382 3575483.394 4083909.606 4265996.697 5066351.050 6310683.529 6915104.030 8085225.353 9080037.949 10885572.42 12770543.30 14834733.56 41512185.88
      sorted:	 99.99999999 100.0000000 100.0000000 100.0000000 100.0000000 102.8765894 317.2782346 521.2995486 670.1900653 693.7037202 1781.659842 4794.080493 36480.06769 75567.26086 129578.8325 163122.9671 182160.5411 197916.0898 211311.1008 233662.1162 253847.0681 261380.8266 292983.4615 321583.4819 355164.8648 382307.1567 421419.2076 445922.1772 479246.5614 513968.3826 537847.9705 575332.4059 582148.7162 591748.2690 602724.7061 621202.7176 628917.9485 644577.3230 656429.7682 664431.5941 667912.2021 669967.2836 681800.7952 693334.7626 696661.8255 703332.1234 705507.0669 736769.6115 755868.3835 762092.1779 786078.0853 814415.9203 1006868.680 1090610.162 1143900.501 1189536.117 1202371.803 1290087.432 1297662.313 1422762.878 1510909.924 1701475.186 2077322.882 2143394.893 2202500.560 2251816.053 2379119.407 2627996.972 2985141.652 3088840.382 3575483.394 4083909.606 4265996.697 5066351.050 6310683.529 6915104.030 8085225.353 9080037.949 10885572.42 12770543.30 14834733.56 41512185.88
