    unsorted:	 1.010835130 1.010835131 1.010835133 1.010835133 1.010835129 1.010835125 1.010835140 1.010835117 1.010835085 1.010835216 2.038599243 4.273484351 5.127066469 5.454395764 0.4079995671 7.642150669 10.47100735 14.67541717 16.67497111 18.83505356 22.73912986 46.24848824 72.34232016 79.79208914 103.5059282 115.3051183 121.0787868 155.2802865 164.4693543 369.3499428 431.0577975 463.5981246 477.7855009 496.3730095 513.4511538 528.4975159 537.5347378 543.6470929 548.2249942 551.6462913 554.2233886 1154.797035 1904.512237 2050.909055 2801.299061 3286.888950 3834.955238 4216.737588 4606.086733 5330.335285 5839.373229 7024.360362 7959.062969 7714.308956 8139.615139 8430.473300 8493.239241 8876.828115 9115.277483 9535.271526 10474.79564 10647.83885 11051.19326 12510.38877 13500.41587 14157.55778 14646.65632 15100.02662 16065.38572 16409.95032 18003.76601 19047.10954 19728.24587 20769.18617 23130.94209 24761.72838 29229.20564 34267.18871 40001.02680 52654.53337 63632.66392 95450.29490 179529.5802 256638.6871 379719.4802 447559.8623 498161.8898 554427.0259 629648.8769 725993.1248 859844.9996 995502.0820 1210707.081 1297329.061 1619021.255 3523480.719 3960595.881 5411382.915 5579667.034 5954430.104 7702985.017 9064159.659 9256975.171 12520514.15 16066662.49 16647671.00 23700304.13 23854992.53 47757054.55 56448341.99 69337694.16 186428908.1 314711065.6 3049792556. 3016479432. 3196914500. 2684250347.
      sorted:	 0.4079995671 1.010835085 1.010835117 1.010835125 1.010835129 1.010835130 1.010835131 1.010835133 1.010835133 1.010835140 1.010835216 2.038599243 4.273484351 5.127066469 5.454395764 7.642150669 10.47100735 14.67541717 16.67497111 18.83505356 22.73912986 46.24848824 72.34232016 79.79208914 103.5059282 115.3051183 121.0787868 155.2802865 164.4693543 369.3499428 431.0577975 463.5981246 477.7855009 496.3730095 513.4511538 528.4975159 537.5347378 543.6470929 548.2249942 551.6462913 554.2233886 1154.797035 1904.512237 2050.909055 2801.299061 3286.888950 3834.955238 4216.737588 4606.086733 5330.335285 5839.373229 7024.360362 7714.308956 7959.062969 8139.615139 8430.473300 8493.239241 8876.828115 9115.277483 9535.271526 10474.79564 10647.83885 11051.19326 12510.38877 13500.41587 14157.55778 14646.65632 15100.02662 16065.38572 16409.95032 18003.76601 19047.10954 19728.24587 20769.18617 23130.94209 24761.72838 29229.20564 34267.18871 40001.02680 52654.53337 63632.66392 95450.29490 179529.5802 256638.6871 379719.4802 447559.8623 498161.8898 554427.0259 629648.8769 725993.1248 859844.9996 995502.0820 1210707.081 1297329.061 1619021.255 3523480.719 3960595.881 5411382.915 5579667.034 5954430.104 7702985.017 9064159.659 9256975.171 12520514.15 16066662.49 16647671.00 23700304.13 23854992.53 47757054.55 56448341.99 69337694.16 186428908.1 314711065.6 2684250347. 3016479432. 3049792556. 3196914500.
