    unsorted:	 2.777777778 2.777777778 2.777777777 2.777777778 2.777777776 4.837620196 4.741341515 4.479480113 4.322682449 2.142601535 7.399665298 23.75140063 26.14980283 32.48585442 41.38717415 50.13121392 51.87146839 58.47153318 61.90184692 80.33689361 91.03906354 93.81022613 103.8441559 113.2610916 114.7580639 124.0418776 145.2662029 170.6387543 185.2024235 197.6826164 217.3301643 225.0085552 247.7566061 265.9030507 298.2768438 323.2873484 337.5839050 369.7066519 379.4125616 405.3636946 417.0696505 429.9383422 463.1504630 497.3484411 715.0706090 763.2281936 945.2408987 1171.410713 1498.428304 1408.326461 1423.990695 1500.211799 1513.455281 1574.846174 2660.251197 2935.575952 3079.744434 3180.111194 4222.118957 3948.836287 4106.107848 4380.933770 5105.058172 5794.429202 5950.717196 6531.610769 6871.834053 7013.691729 7566.441029 8725.687322 9280.551689 9875.202512 10029.23329 10233.17269 11709.93654 11182.73621 11590.09434 12236.93891 12906.60602 13457.49917 13406.90438 13674.36449 14941.45573 15571.26375 15518.22603 16331.98743 16626.04471 17102.36202 17276.48957 18691.30825 21076.08475 23175.36865 24549.12883 29890.99349 33509.07056 36883.76191 37102.59344 43605.17507 45881.11950 60072.62105 76995.01417 77782.99995 71241.67916 79660.59566 84561.00171 88639.11823 94096.61544 105307.2591 111842.1782 132258.9861 161811.8129 179861.1435 247184.6677 255179.9995 271595.2064 291664.3390 313032.6124 349194.4899 361938.6226 395478.0838 417842.7991 447021.2528 474160.1172 484789.6611 595038.1113 649338.6967 668638.6711 694546.5256 818587.6459 833088.3135 879388.7500 980002.0588 1446075.904 1711515.005 1992590.093 2360164.632 2560906.091
      sorted:	 2.142601535 2.777777776 2.777777777 2.777777778 2.777777778 2.777777778 4.322682449 4.479480113 4.741341515 4.837620196 7.399665298 23.75140063 26.14980283 32.48585442 41.38717415 50.13121392 51.87146839 58.47153318 61.90184692 80.33689361 91.03906354 93.81022613 103.8441559 113.2610916 114.7580639 124.0418776 145.2662029 170.6387543 185.2024235 197.6826164 217.3301643 225.0085552 247.7566061 265.9030507 298.2768438 323.2873484 337.5839050 369.7066519 379.4125616 405.3636946 417.0696505 429.9383422 463.1504630 497.3484411 715.0706090 763.2281936 945.2408987 1171.410713 1408.326461 1423.990695 1498.428304 1500.211799 1513.455281 1574.846174 2660.251197 2935.575952 3079.744434 3180.111194 3948.836287 4106.107848 4222.118957 4380.933770 5105.058172 5794.429202 5950.717196 6531.610769 6871.834053 7013.691729 7566.441029 8725.687322 9280.551689 9875.202512 10029.23329 10233.17269 11182.73621 11590.09434 11709.93654 12236.93891 12906.60602 13406.90438 13457.49917 13674.36449 14941.45573 15518.22603 15571.26375 16331.98743 16626.04471 17102.36202 17276.48957 18691.30825 21076.08475 23175.36865 24549.12883 29890.99349 33509.07056 36883.76191 37102.59344 43605.17507 45881.11950 60072.62105 71241.67916 76995.01417 77782.99995 79660.59566 84561.00171 88639.11823 94096.61544 105307.2591 111842.1782 132258.9861 161811.8129 179861.1435 247184.6677 255179.9995 271595.2064 291664.3390 313032.6124 349194.4899 361938.6226 395478.0838 417842.7991 447021.2528 474160.1172 484789.6611 595038.1113 649338.6967 668638.6711 694546.5256 818587.6459 833088.3135 879388.7500 980002.0588 1446075.904 1711515.005 1992590.093 2360164.632 2560906.091
