    unsorted:	 100.0000002 100.0000003 99.99999984 99.99999967 99.99999914 678323.0955 684098.5146 685196.8672 694095.8131 672945.2917 696806.5147 668640.4798 709963.8120 710995.1697 708781.8062 713086.0574 718618.0180 720237.6304 664820.5519 643253.6502 628672.5906 616772.8579 593368.9546 584401.2896 764159.9179 775471.1006 555844.1117 527429.7758 488141.7725 453663.5699 424649.8753 389694.2101 360360.2040 123.9762491 205.9419998 260.0013440 541.4129246 681.5326027 783.9129316 1821.499124 3607.240913 322587.4547 293767.0581 277986.6900 263775.0982 232452.9388 210405.6359 196688.1615 179836.1764 159682.0801 24885.89394 39157.93284 126632.1475 71228.30003 94481726.90 94289660.79 104574599.4 112561175.5 116797607.8 126357705.1 88877128.33 141189531.3 139714548.2 154455428.0 214341746.5 205878457.0 198621612.2 220658876.8 232425044.7 256324304.1 282328474.9 298935680.8 343816877.8 397092578.7 417548974.2 492096077.8 611755446.6 669293663.9 788342853.8 877332167.2 1044892633. 1238906367. 1452191362. 4071507689.
      sorted:	 99.99999914 99.99999967 99.99999984 100.0000002 100.0000003 123.9762491 205.9419998 260.0013440 541.4129246 681.5326027 783.9129316 1821.499124 3607.240913 24885.89394 39157.93284 71228.30003 126632.1475 159682.0801 179836.1764 196688.1615 210405.6359 232452.9388 263775.0982 277986.6900 293767.0581 322587.4547 360360.2040 389694.2101 424649.8753 453663.5699 488141.7725 527429.7758 555844.1117 584401.2896 593368.9546 616772.8579 628672.5906 643253.6502 664820.5519 668640.4798 672945.2917 678323.0955 684098.5146 685196.8672 694095.8131 696806.5147 708781.8062 709963.8120 710995.1697 713086.0574 718618.0180 720237.6304 764159.9179 775471.1006 88877128.33 94289660.79 94481726.90 104574599.4 112561175.5 116797607.8 126357705.1 139714548.2 141189531.3 154455428.0 198621612.2 205878457.0 214341746.5 220658876.8 232425044.7 256324304.1 282328474.9 298935680.8 343816877.8 397092578.7 417548974.2 492096077.8 611755446.6 669293663.9 788342853.8 877332167.2 1044892633. 1238906367. 1452191362. 4071507689.
